1 3
2 8
3 8
4 11
5 1
6 1
7 0
8 0
9 0
10 0
11 1
12 0
13 0
14 0
15 ?
16 ?
17 5
18 5
19 5
20 0
21 11
22 9
23 2
24 0
25 8
26 0
27 0
28 0
29 0
30 5
31 ?
32 4
33 0
34 3
35 6
36 0
37 ?
38 ?
39 5
40 ?
41 ?
42 0
43 3
44 0
45 4
46 7
47 9
48 0
49 2
50 4
51 1
52 4
53 0
54 0
55 0
56 0
57 6
58 8
59 0
60 1
61 1
62 5
63 5
64 ?
65 ?
66 11
67 0
68 7
69 2
70 6
71 0
72 ?
73 0
74 2
75 ?
76 1
77 7
78 1
79 11
80 11
81 2
82 ?
83 ?
84 3
85 7
86 2
87 3
88 ?
89 ?
90 0
91 0
92 12
93 ?
94 1
95 0
96 3
97 ?
98 2
99 9
100 1
101 ?
102 0
103 0
104 1
105 4
106 2
107 2
108 0
109 4
110 4
111 0
112 0
113 4
114 6
115 11
116 0
117 0
118 5
119 1
120 4
121 3
122 5
123 6
124 0
125 ?
126 11
127 2
128 3
129 ?
130 0
131 ?
132 1
133 7
134 11
135 ?
136 2
137 2
138 0
139 7
140 ?
141 0
142 3
143 0
144 7
145 4
146 2
147 2
148 ?
149 ?
150 3
151 12
152 ?
153 0
154 0
155 0
156 6
157 3
158 1
159 0
160 2
161 2
162 0
163 ?
164 9
165 0
166 ?
167 ?
168 ?
169 ?
170 6
171 2
172 ?
173 2
174 1
175 7
176 7
177 0
178 0
179 2
180 0
181 ?
182 ?
183 ?
184 ?
185 ?
186 2
187 ?
188 1
189 ?
190 ?
191 11
192 9
193 9
194 0
195 1
196 2
197 0
198 10
199 0
200 ?
201 2
202 0
203 ?
204 ?
205 0
206 0
207 7
208 0
209 13
210 0
211 3
212 1
213 2
214 3
215 ?
216 ?
217 3
218 11
219 9
220 ?
221 1
222 ?
223 3
224 ?
225 ?
226 10
227 5
228 6
229 10
230 6
231 10
232 3
233 ?
234 ?
235 ?
236 ?
237 4
238 ?
239 6
240 ?
241 3
242 0
243 0
244 0
245 1
246 1
247 2
248 ?
249 ?
250 ?
251 10
252 ?
253 5
254 ?
255 ?
256 8
257 ?
258 9
259 11
260 ?
261 13
262 1
263 4
264 ?
265 ?
266 ?
267 11
268 ?
269 10
270 ?
271 ?
272 ?
273 13
274 2
275 1
276 1
277 ?
278 ?
279 ?
280 13
281 ?
282 10
283 ?
284 ?
285 ?
286 3
287 ?
288 8
289 8
290 ?
291 5
292 2
293 2
294 1
295 1
296 0
297 1
298 0
299 0
300 0
301 8
302 10
303 0
304 ?
305 1
306 14
307 4
308 0
309 5
310 ?
311 4
312 ?
313 ?
314 8
315 7
316 12
317 ?
318 ?
319 2
320 ?
321 0
322 ?
323 1
324 0
325 0
326 0
327 0
328 0
329 ?
330 2
331 0
332 0
333 6
334 ?
335 ?
336 ?
337 ?
338 11
339 3
340 0
341 3
342 1
343 ?
344 3
345 7
346 ?
347 0
348 ?
349 6
350 8
351 11
352 ?
353 1
354 10
355 2
356 1
357 4
358 4
359 ?
360 0
361 ?
362 0
363 2
364 9
365 4
366 12
367 ?
368 ?
369 ?
370 6
371 8
372 ?
373 0
374 ?
375 3
376 7
377 ?
378 1
379 ?
380 6
381 ?
382 0
383 ?
384 ?
385 7
386 1
387 ?
388 ?
389 0
390 0
391 ?
392 6
