1 7
2 1
3 4
4 3
5 4
6 3
7 1
8 12
9 0
10 2
11 2
12 2
13 0
14 0
15 0
16 0
17 0
18 8
19 1
20 3
21 0
22 3
23 0
24 5
25 0
26 1
27 9
28 7
29 3
30 1
31 5
32 1
33 0
34 0
35 2
36 0
37 0
38 2
39 1
40 9
41 2
42 0
43 0
44 0
45 1
46 1
47 1
48 5
49 4
50 8
51 1
52 25
53 8
54 2
55 8
56 3
57 14
58 1
59 5
60 2
61 0
62 ?
63 0
64 13
65 14
66 4
67 2
68 1
69 0
70 8
71 3
72 12
73 7
74 1
75 13
76 9
77 0
78 17
79 ?
80 5
81 6
82 3
83 19
84 3
85 0
86 5
87 14
88 0
89 10
90 8
91 1
92 18
93 14
94 1
95 12
96 5
97 15
98 26
99 1
100 27
101 0
102 3
103 5
104 1
105 2
106 1
107 0
108 0
109 1
110 0
111 11
112 11
113 8
114 0
115 0
116 1
117 10
118 0
119 0
120 0
121 5
122 1
123 0
124 8
125 5
126 2
127 13
128 19
129 4
130 0
131 1
132 0
133 2
134 7
135 0
136 0
137 0
138 3
139 16
140 3
141 1
142 0
143 3
144 5
145 0
146 1
147 1
148 12
149 0
150 3
