1 14
2 0
3 4
4 1
5 3
6 1
7 1
8 0
9 0
10 8
11 1
12 0
13 0
14 0
15 13
16 1
17 5
18 0
19 0
20 1
21 0
22 1
23 2
24 3
25 1
26 0
27 2
28 3
29 ?
30 3
31 1
32 1
33 0
34 0
35 0
36 0
37 7
38 5
39 1
40 4
41 1
42 1
43 ?
44 0
45 0
46 1
47 0
48 0
49 4
50 0
51 0
52 2
53 4
54 2
55 0
56 0
57 ?
58 2
59 0
60 1
61 0
62 0
63 2
64 0
65 0
66 0
67 0
68 0
69 0
70 3
71 3
72 2
73 10
74 0
75 0
76 1
77 0
78 3
79 2
80 4
81 0
82 1
83 0
84 2
85 1
86 5
87 2
88 9
89 1
90 3
91 7
92 1
93 2
94 0
95 0
96 5
97 2
98 3
99 5
100 6
101 2
102 4
103 1
104 0
105 1
106 3
107 0
108 0
109 0
110 0
111 4
112 4
113 12
114 1
115 8
116 4
117 1
118 0
119 1
120 4
121 0
122 2
123 0
124 3
125 6
126 3
127 9
128 1
129 0
130 6
131 5
132 2
133 4
134 1
135 0
136 0
137 5
138 7
139 5
140 4
141 0
142 1
143 13
144 1
145 0
146 0
147 0
148 0
149 1
150 0
151 0
152 0
153 0
154 0
155 14
156 0
157 15
158 0
159 0
160 0
161 2
162 0
163 0
164 0
165 0
166 1
167 1
168 0
169 13
170 1
171 13
172 5
173 2
174 0
175 4
176 1
177 0
178 0
